9
15
1,25
0
5
0,444444444444444
0,5
0,5
15
9,3
1,03333333333333
0,577350269189626
57,2899616307599
3
3
9
27
-3
2,71828182845905
720
6
362880
2,65252859812191E+32
8,32098711274139E+81
∞
128
48
9
3
66666
6666
4096
2048
3
не число
3,14159265358979
3,14159265358979
3,14159265358979
314159265358979
2187
484
1,73205080756888
100000
4
120
128
10000
9
3,14159265358979
314159265358979
314159265358979
0
1
6
6
5,44344939077443E+92
0
0
3,04140932017134E+64
0
9
9
4
0,9
3
2,71828182845905
1
2,71828182845905
7,38905609893068
2
9
0,0524077792830412
3,14159265358979
1,46459188756152
1,1356352767379
1,04330901069531
1,01423280315377
1,00472193594436
1,00157150771793
1,00052356174124
1,00017449013184
1,00005815999463
1,00001938628905
1,00000646205459
1,00000215401356
1,000000718004
1,00000023933461
1,0000000797782
1,00000002659273
1,00000000886424
1,00000000295475
1,00000000098492
1,00000000032831
1,00000000010944
1,00000000003648
1,00000000001216
1,00000000000405
1,00000000000135
1,00000000000045
1,00000000000015
1,00000000000005
1,00000000000002
1,00000000000001
1
729
0,037037037037037
64
64
0
3,14159265358979
100
2
3
3
-36
26
-2,8
3,14159265358979
314159265358979
3,14159265358979
314159265358979
2,71828182845905
2,71828182845905
3,14159265358979
628318530717958
3,14159265358979
314159265358979
3,14159265358979
3,14159265358979
3,14159265358979
2,71828182845905
2,71828182845905
271828182845905
3,14159265358979
314159265358979
12
2775
9801
9801
10467
135343
3,73251115681725
2
99
0,17364817766693
57,2899616307599
0
0
0
72
3,14159265358979
314159265358979
3,14159265358979
3,14159265358979
3
3,73251115681725
7,48331477354788
40320
1,94591014905531
0,845098040014257
3,14159265358979
3,14159265358979
3,14159265358979
3,14159265358979
3,14159265358979
1,88495559215387E+15
3,14159265358979
1,88495559215387E+15
3,14159265358979
1,88495559215387E+15
40320
1
не число
0
0
0
0
1,4142135623731
1,4142135623731
0
1
2,23606797749979
99
6
27
0,5
0,5
120
3,04140932017134E+64
0
0
0
0,1
32
6
2,71828182845905
7
2,71828182845905
27
0
0
15
72
48
7
9,21954445729289
4,39682967215818
666
1000000
1338925209984
64
3
2,71828182845905
7,38905609893068
2
3,14159265358979
40320
0,5
0
362880
54
0
50
-41
-41
1210
21,5
14,3333333333333
32
32
0
7
-0,72
-38
362880
24
362880
0
6
не число
2,71828182845905
2,71828182845905
7,38905609893068
54,5981500331447
2980,95798704178
2,71828182845905
2,71828182845905
271828182845905
14,26
14,26
3,14159265358979
314159265358979
0,5
27
9
81
81
11
19
19
0,866025403784439
0,866025403784439
0,5
1
1
10
7
